165
34
486
0.5211678832116788
0.49343065693430654
0.7094890510948905
1.0114462411832008
174
0
511
0.4145985401459854
0.38394160583941606
0.745985401459854
1.0114462411832008
165
34
486
0.5211678832116788
0.49343065693430654
0.7094890510948905
1.0114462411832008
387
65
233
0.8321167883211679
0.6861313868613139
0.34014598540145985
0.8677512946505946
303
0
382
0.635036496350365
0.5693430656934306
0.5576642335766423
0.8677512946505946
387
65
233
0.8321167883211679
0.6861313868613139
0.34014598540145985
0.8677512946505946
288
55
342
0.691970802919708
0.5795620437956205
0.4992700729927007
0.8942448536203126
272
0
413
0.5620437956204379
0.49635036496350365
0.602919708029197
0.8942448536203126
288
55
342
0.691970802919708
0.5795620437956205
0.4992700729927007
0.8942448536203126
219
43
423
0.6248175182481752
0.6
0.6175182481751825
0.8792584526453313
198
0
487
0.41021897810218977
0.3927007299270073
0.710948905109489
0.8792584526453313
219
43
423
0.6248175182481752
0.6
0.6175182481751825
0.8792584526453313
90
22
573
0.26277372262773724
0.24525547445255474
0.8364963503649635
1.003040039461106
160
0
525
0.34306569343065696
0.291970802919708
0.7664233576642335
1.003040039461106
90
22
573
0.26277372262773724
0.24525547445255474
0.8364963503649635
1.003040039461106
241
58
386
0.689051094890511
0.618978102189781
0.5635036496350365
0.9306588869156006
200
0
485
0.5051094890510949
0.5007299270072992
0.708029197080292
0.9306588869156006
241
58
386
0.689051094890511
0.618978102189781
0.5635036496350365
0.9306588869156006
95
17
573
0.327007299270073
0.31532846715328466
0.8364963503649635
0.9451068850896156
154
0
531
0.38686131386861317
0.35766423357664234
0.7751824817518248
0.9451068850896156
95
17
573
0.327007299270073
0.31532846715328466
0.8364963503649635
0.9451068850896156
280
61
344
0.7226277372262774
0.6656934306569343
0.5021897810218978
0.8705141895882071
283
0
402
0.6160583941605839
0.5781021897810219
0.5868613138686132
0.8705141895882071
280
61
344
0.7226277372262774
0.6656934306569343
0.5021897810218978
0.8705141895882071
246
61
378
0.654014598540146
0.618978102189781
0.5518248175182482
0.9073079012735025
241
0
444
0.5197080291970803
0.5065693430656935
0.6481751824817519
0.9073079012735025
246
61
378
0.654014598540146
0.618978102189781
0.5518248175182482
0.9073079012735025
198
62
425
0.6437956204379562
0.5766423357664233
0.6204379562043796
0.8577493758617671
261
0
424
0.5474452554744526
0.47883211678832116
0.618978102189781
0.8577493758617671
198
62
425
0.6437956204379562
0.5766423357664233
0.6204379562043796
0.8577493758617671
